FLP100-A4XC:0.749234699076,0.45748805232
NYT100-BC7X:0.87777987674,0.538244325855
NJP100-7Z37:0.675123614739,0.280365066149,-0.911827445792
RIR100:-0.2457728904,0.527796302224,0.352155953702,0.982261579699,-0.700793513279
NYP100-YA73:-0.906885366669,0.617206055389,-0.411791796662,-0.458917504298
NJT100:0.176150922376,-0.717919274993,-0.971301384733
NY,100:RI,100-?!#%:NYT196-4ZYZ:-0.645342922675,0.967654417796,0.639700999264
RIT100:0.923176404616,-0.273706166735,0.319289478525,-0.507084375619,-0.496845081002
NJ,100:RIP100:0.567456881611
FLT100-4CB4:-0.523230236075,0.802089816993,0.709931708192
FLP149-XCZ3:-0.354919535828,-0.457109917737,0.631460070236
NY,123:RIT149-AC4Z:-0.116090399345,0.414657205238,0.590441658366,0.838464147936,0.0677070155621
NYT239-YXZ7:-0.230381269442,-0.369877788649
NJP175-7CCA:-0.113967122192,-0.973462995672,0.995192723817
FL,100:RIR163:-0.760728012062,0.975586691722,-0.511868512514,-0.975006834047,-0.830945214072
NJR100:-0.394813856267,-0.131296287152,-0.37776816505
NJT108-34X7:-0.626445987836
NYP170:0.975677670998,-0.227201101488,-0.871676618915,0.689706409988
NJ,102-!%&!:RIT211:0.786959172695,-0.859757743768,-0.482646348974,0.471013683335,-0.606947019146
NJT160:0.12041795359,-0.275483070551,0.768747022019
NY:100:NY,148-??&&:FLT174-AZA4:-0.950382464033
NYR100:-0.24468739367,-0.109449518426,0.0349887562993
FL-100-#!&!:RIR232-4XYB:-0.854388009921,0.754693109577,0.793496709886,0.712344902753
NYR190-ZA47:0.00703133142307,-0.143555433387,-0.48557152776
NYP245:-0.0373309381292,-0.699267640635,-0.265378974018,-0.708609107565,-0.182785506342
NYT262-X7Y3:-0.621598804339,0.342022350624,0.691481198647,0.759995266363,0.478085316317
RIR294-47AZ:-0.625648170274,-0.116191056579,-0.555004080775
FLR100:0.888288812763
NJT212:-0.558003684616,0.0172474373902
RIT293:0.736610142966,0.0144854696183,-0.332204734663,0.569897659526
NYR283-3C74:-0.575396269838,-0.316088233245,0.954952228125,0.628683887635,-0.0680601711834
FLT224-CBXY:-0.612015745537,-0.357888630213
FL:100-&#&%:NJP224:0.946580709522,-0.502754702519,-0.627299650887,0.149715135402,-0.670494125543
NYT286:-0.0998235127745
FLT272:0.345388383647,-0.577182698119,-0.718239093879
RIR356:-0.549005338677,0.545028740523,0.777131214139,-0.642166283301,0.687628118525
FL,185:RIT384:-0.057162975957
RI-100:NJ-100: